% -------------------------------------------------------------------
%  Generated by MATLAB on 3-May-2023 21:16:03
%  MATLAB version: 9.13.0.2105380 (R2022b) Update 2
% -------------------------------------------------------------------
                                                     

EV_current = 200;

EV_motion = [20 4 0.8];

EV_sf = 2000;

Fs = 0;

Fv = 0.0025;

Jcomp = 0.0227;

Ki = 25.1327;

Kisa = 346.6583;

Kp_d = 0.077049;

Kp_q = 0.1541;

Ksa = 85.4316;

Ksf = 1996.2651;

Ld = 6.1313856452764747E-5;

Ldq = [0.00075852 0.00084286];

Lq = 0.00012262771290552949;

Mechanical = [0.0227 0.0025 0];

P = 4;

PolePairs = 4;

Rs = 0.02;

T_max = 450;

T_mtpa = [0 42.1986572824511 85.2083176896627 129.729081530985 176.299639273407 ...
          225.306651971384 277.019503370772 331.625177598466 389.254825809989 ...
          450.002001303743];

ba = 3.4029;

id_mtpa = [0 -7.80314458768328 -30.0928236479575 -64.1866816469803 -107.097717514578 ...
           -156.321290228005 -210.017144051979 -266.906008079262 -326.111998185843 ...
           -387.032483342939];

idq0 = [0 0];

idq_limits = [-387.027355554599 779.385063397493 870.190353310527];

iq_mtpa = [0 96.3724280976734 191.019783835296 282.872542968078 371.626993515713 ...
           457.468035270105 540.777238674633 621.964104296359 701.396562769364 ...
           779.38251701722];

lambda_pm = 0.0725;

mechanical = [0.0227 0.0025 0];

omega_init = 0;

theta_init = 0;

